
3.1 ELETRIZAÇÃO -f -m
Fácil=[213078,203577,193574,203487,176183,181465,183790,203525,212702,159978,167451,167537,145094,152585,152630,152662,152841,152958,159631,203861,136983,140499,140667,140710,140792,145302,152728,152729,152819,159594,159756,203853,123940,130473,110761,130482,133402,133410,152936,94908,95093,95226,95334,67081,67181,67220,67353,67451,67533,67680,67918,67933,107373,65581,65595,66036,66494,66531,66701,66717,64213,64251,64392,64660,64748,64785,64819,64832,65277,65354,66302,58708,61940,63865,63910,63931,64091,64583,56398,61971,62276,62947,63346,63347,63444,63540,57873,58664,61835,62120,62441,62653,62732,62785,63260,61548,61583,62352,61194,57138,61046,55745,56039,56588,58058,58064,58851,59711,60678,55787,56723,56813,56840,58021,60836,57404,59243,56006,57513,58571,58606,57837,57921,58143,58401,58974,58106,56871,58902,59773]
Média=[152630,152662,152841,152958,159631,203861,136983,140499,140667,140710,140792,145302,152728,152729,152819,159594,159756,203853,123940,130473,110761,130482,133402,133410,152936,94908,95093,95226,95334,67081,67181,67220,67353,67451,67533,67680,67918,67933,107373,65581,65595,66036,66494,66531,66701,66717,64213,64251,64392,64660,64748,64785,64819,64832,65277,65354,66302,58708,61940,63865,63910,63931,64091,64583,56398,61971,62276,62947,63346,63347,63444,63540,57873,58664,61835,62120,62441,62653,62732,62785,63260,61548,61583,62352,61194,57138,61046,55745,56039,56588,58058,58064,58851,59711,60678,55787,56723,56813,56840,58021,60836,57404,59243,56006,57513,58571,58606,57837,57921,58143,58401,58974,58106,56871,58902,59773,203656,193737,175916,175995,181611,137289,130441,64238,62444,64075,63680,61418,56576,57997,56984,57118,57543]
Difícil=[]
3.2 FORÇA ELÉTRICA (COULOMB) -f -m
Fácil=[212999,193982,212769,212888,193409,194099,203489,203589,181464,159883,175860,145244,145282,152652,152779,159531,159565,159630,137138,137227,140503,144924,152730,123735,123879,124240,124248,130599,130910,130922,140645,133253,133293,133302,133475,95173,95198,95245,107163,66910,66920,67953,68002,65629,65906,65974,66146,66260,66629,64318,64390,64406,65114,65164,65230,65336,65465,66301,57474,60724,61074,63828,63844,63882,64047,64092,64201,55760,55855,57293,57393,57644,59858,61567,62903,62912,62921,62934,63029,63122,63370,63457,63670,57019,62040,62063,62064,62366,62509,62821,56702,58256,61442,61795,61906,57846,60238,60523,60829,61138,56695,59163,55907,56040,57136,57451,57860,58852,55658,59226,57405,56971]
Média=[194330,203465,193672,176080,176291,181612,193539,159431,167511,167538,167539,167861,145419,152752,152965,159477,137041,137122,140674,140704,140757,140803,130858,110481,110580,110603,133403,133465,133482,133530,94879,107170,107323,67267,67507,67767,203792,65584,66360,64965,64967,64979,65262,65278,65972,55747,60871,61757,55959,61242,61528,61198,55973,60653,56228,56229,57009,59697,59828,58132,58762,59816,56375,56427,56430,56195,56472]
Difícil=[]
3.3 CAMPO ELÉTRICO -f -m
Fácil=[193410,193551,193910,203490,176043,176182,167494,167897,145263,152668,152710,136941,137249,151879,153052,153062,123887,123895,124163,130654,130712,110627,124080,133503,133547,94947,95223,203799,203810,67043,67821,65730,66279,66316,66728,64877,65116,65117,65148,65318,60433,61721,62193,63809,56781,62984,63327,63334,63371,63435,61820,62331,62387,62388,62400,62415,62640,61371,61614,61739,61768,61907,62316,58547,59949,59953,60309,60428,60697,61342,55823,56079,56118,56492,57464,57430,58432,58433,58450,57407,57410,58476,59695,55898,58038,58991,59004,58835,55703,58952,56887,58932]
Média=[212976,213040,203666,203764,212679,181228,188632,159822,159905,167403,167581,145055,152643,159448,159652,140783,144930,151911,167653,123741,130902,130955,140572,110587,110780,95335,67330,67964,67976,65502,66107,65444,60963,61161,62655,63007,63585,63699,61431,61455,61951,60754,61246,56746,57483,58212,60633,55788,55975,57215,58428,58876,57361,59906,57820,58100,57782,56453,151947]
Difícil=[]
3.5 POTENCIAL ELÉTRICO -f -m
Fácil=[212797,193933,203549,212853,193520,193812,176126,167896,181705,145121,167673,167733,151912,123833,123952,124250,130439,137011,152946,110506,110555,110723,133070,133288,133437,133501,95207,95290,95336,107279,66899,67517,67975,65583,65740,65928,66384,64222,64451,64589,64679,64680,64798,64845,65101,65355,65443,66133,66303,59651,62150,63856,63898,64011,64077,64093,64202,57512,57776,60220,62904,62961,62972,63160,63486,55922,58636,62169,62633,62703,61770,61908,61925,58382,61343,56187,58171,58477,56983,57511,56333,60258,57789,60214]
Média=[193839,188882,175899,176185,176307,181409,181638,133183,159926,167425,167761,167881,188876,145028,145087,152760,153004,137327,137341,140784,144967,151604,167751,123831,144951,203839,110717,123969,133218,133366,152937,95022,107282,133159,67049,67082,67234,67748,67783,67934,65713,65732,66735,64528,64964,64048,65204,61304,58352,61590,61630,59016,55555,55749,60669,57267,58454,59698,60970,58605,56913,57066,58094,58913]
Difícil=[]
3.6 CONDUTORES ELETRIZADOS OU EM EQUILÍBRIO -f -m
Fácil=[194138,193894,181285,133175,167700,167716,176302,145080,152594,152865,152923,152984,159583,140489,159758,124249,130575,137023,140559,110763,133318,151808,95100,66008,64915,65429,62189,63739,59860,60710,62405,62571,62805,61266,61326,60624,61156,57359,60473,60072,60071,60073,60067,60065,60063,60069,60074,60077,60079,60080,60081,60082,60084,60085,60086]
Média=[152879,137269,140463,133374,95052,67580,67696,67773,144893,65937,57673,55554,56956,57241]
Difícil=[]
3.7 CAPACITORES -f -m
Fácil=[213001,213133,193847,203601,212757,212944,188920,193805,203555,176194,181690,181747,167827,167964,175966,188855,145413,152753,167757,136907,137211,137256,137379,140548,140578,140669,140729,144916,144934,152858,153028,153029,159667,123817,130620,130854,140661,152942,110541,133217,133315,133324,133446,95337,67047,144830,65586,66073,64304,64395,64721,64952,65119,65213,57651,59654,61953,62190,63845,63899,63974,64142,64178,64191,64612,56605,57645,58742,59950,61238,62938,63329,62168,62389,62428,61281,61549,61810,57850,61531,59168,60634,60671,58017,58427,58449,55963,57227,58041,59717,59503,59502,59508,59501,59491,59495,59497,59500]
Média=[193953,193970,188678,188815,193555,212871,176192,181452,181748,167786,188722,193824,145123,145207,145283,152653,153106,153107,159523,159584,137036,137093,188699,123991,144952,95088,95161,95165,107294,133136,133162,67452,67526,67557,67601,152804,66011,64689,64750,65093,57485,62191,65194,62091,62338,61065,56959,57932,60654,55940,56541,58478,56009,56560,56658,58039,59504,59505,59509,55761,59511,59527,59485,59494,59496,59498,59499,59510,59512,59513,59514,59518,59521,59522,59523,59524,59525,59528]
Difícil=[]
3.8 RESISTORES -f -m
Fácil=[213100,213129,194183,203453,203477,203650,188727,188801,193613,193705,193771,193870,212900,109747,175984,176290,181338,181339,181558,181681]
Média =[212896,213043,213128,193838,193929,194145,212672,212836,188689,188764,188793,193499,193527,193552,193575,193665,193714,193753,193756,193761]
Difícil=[]
3.11 ENERGIA ELÉTRICA -f -m
Fácil=[95128,95129,107204,64786,63479,59531,59533,59534,59535,59536,59537,59538,59540,59541,59549]
Média =[193901,159400,130523,110470,63681,61529,59546,59542,59544,59548]
Difícil=[]
3.12 1 E 2 LEI DE KIRCHOFF -f -m
Fácil=[152821,124231,130749,110818,65659,63922,64065,64195,57663,62635,63261,57305,59244]
Média =[167582,152756,159331,110840,65690,66204,61532,59701,59817,57116,59599,59601,59603,59604,59609,59611,59612,59613,59614]
Difícil=[]
3.13 GERADOR ELÉTRICO -f -m
Fácil=[188773,188895,193645,212872,176023,176186,181756,137213,137228,140709,140746,151913,159669,123809,123902,123934,130713,130785,130802,133207]
Média =[213033,194205,203469,203540,193553,194059,212906,176020,176070,181416,181456,181758,188653,212709,133177,167724,176301,144997,145285,152691]
Difícil=[]
3.14 RECEPTOR ELÉTRICO -f -m
Fácil=[130544,110839,67167,63208,61268,59551]
Média =[203740,133184,67593,67594,59552,59555,59556,59575]
Difícil=[]
3.15 IMÃS (MAGNETISMO) -f -m
Fácil=[203576,203727,212807,188677,188916,176289,212706,167748,167865,145188,152595,152633,152875,152887,159740,137271,140456,140494,140534,151915,203846,203854,123849,123980,124130,124165,130549,130659,130893,110507,133231,133537,95212,107337,67247,67343,65985,66386,66484,66592,64382,64496,64580,56609,56660,56715,57294,58743,62875,63255,63491,63525,63544,57965,62026,62453,62511,62643]
Média =[203595,212889,193554,175917,212713,145082,137291,130786,94902,62217,62446,55593]
Difícil=[]
3.16 FONTES DO CAMPO MAGNÉTICO -f -m
Fácil=[194191,203766,193446,193531,193912,212846,212901,109744,181230,181503,167495,167901,188857,145029,145383,153071,159705,167675,136942,137068,137116,137160,137254,137380,140480,140580,145306,153022,153044,123769,123885,110464,110733,130767,133221,133292,133496,95010,95089,95177,95178,95209,95350,95357,203805,67050,67749,67894,67977,65588,65734,65750,65854,65961,66157,66205,66483,66539,66576,66704,67940,64340,64752,65431,66285,66305,55830,61394,61612,63735,56831,59784,60381,60415,61237,62290,62923,63075,63089,63209,63281,63423,63506,63669,62512,62569,63262,61616,61927,57304,60692,60826,61208,61504,56787,57109,61048,61197,55912,56089,57135,57468,57980,55791,55953,56189,57219,58179,58452,58453,58481,59703,55900,56007,56316,58574,59910,57923,58146,57824,58111,58953,59136,58810,58936,56885,58911,56198,59716]
Média=[194332,203751,188737,188806,193600,193903,212814,175989,181407,181454,193431,194014,159900,159946,167585,175907,188721,145286,145374,145424,152754,153103,137330,140454,123915,144961,110583,133404,95340,133140,67265,152801,65920,64963,65374,63999,64206,64613,59952,60280,61055,61536,55566,56487,57201,56120,58061,58214,58506,58850,59667,60656,58018,57368,57517,57720,58348,58608,58294,58794,58811]
Difícil=[]
3.17 FORÇA MAGNÉTICA -f -m
Fácil=[212766,212787,213005,194060,203643,175840,181706,193825,145435,145441,152645,152844,152883,159642,167758,136985,140504,140811,123931,130492,130558,130715,130938,140574,133466,95289,107269,133152,67084,65693,66010,64341,64751,64921,64930,65120,65357,65402,59571,60435,61379,62178,65157,56527,56712,62939,62985,63036,63124,63348,63504,58518,58549,62419,62581,62669,62734,61354,61618,61639,61809,61963,58077,60279,61421,55889,60997,58864,57037,60119,60117]
Média=[213012,193820,188706,188943,193922,212873,176149,181443,181671,167702,175862,144998,145102,152685,152985,159336,159560,137058,140682,144937,123941,130859,144870,107141,133141,67524,67920,107376,65660,65909,64352,65121,65140,65254,57654,60312,61284,61491,59027,60731,55742,55810,55803,58430,58995,58102,60123,60118,60120]
Difícil=[]
3.18 INDUÇÃO MAGNÉTICA E TRANSFORMADORES -f -m
Fácil=[213053,194002,194079,194333,212852,181594,188898,193865,194021,176141,176299,181270,181406,181571,181595,181613,181641,181716,194015,159857,167443,167497,167583,167885,167986,145054,145112,145250,145287,152602,152614,152782,137071,137145,137270,137331,140543,140549,140711,140745,140753,140767,140774,151616,159722,188694,130576,130716,130796,137022,140659,110602,94755,94948,95218,95273,95341,107260,133143,133563,67051,67085,67164,67186,67284,67602,67908,65589,65605,65634,65714,65796,66032,66263,66435,66487,66509,66710,64443,64473,64671,65445,65973,57667,57672,60395,60463,61584,61782,61955,62179,63811,63829,63848,64021,64072,57280,62267,62283,62846,63410,63509,63571,63671,63691,58324,58646,58665,61061,61874,62072,62367,62372,62391,62406,62634,62746,62765,62772,62788,62820,61329,61372,61589,61724,61776,61911,61912,57486,58894,55594,55740,58062,56839,58455,58005,59830,56331]
Média=[193976,212657,212910,212916,188765,193398,193577,193625,203693,203741,212874,175900,176071,176086,181414,181483,181572,188638,188655,133185,159496,159824,167400,167513,167685,167703,167722,167833,167976,175964,144978,145313,152588,152634,152845,159556,137037,140706,140794,144898,144942,151925,152823,123916,124181,130474,130601,130685,140561,110764,110781,123974,124099,133307,133581,203830,95025,95146,95164,95250,95356,107147,107207,107326,107340,144840,67703,67774,67839,67948,67966,144834,65504,66009,66413,66555,66733,203785,64266,64512,64879,64976,65122,65160,65186,65247,65320,65358,65403,65446,57676,61637,62192,63854,63855,64095,59951,60306,62142,62195,62198,62987,63482,62093,58358,61434,62311,60605,60766,60791,57111,55591,55824,55829,56178,56534,57454,60020,61025,168028,57434,58180,58015,58482,58484,58487,58609,57925,56863,58946,60254,58814,58904,151948]
Difícil=[] 
