2°ANO ( 1400 QUESTÕES  )
2.1 TERMOMETRIA (50) -|-f-m-d
2.2 DILATAÇÃO (100) -|-f-m-d
2.3 PROPAGAÇÃO DE CALOR (100) -|-f-m-d
2.4 CALORIMETRIA(150) -|-f-m-d
2.5 TERMODINÂMICA (150) -|-f-m-d
2.6 INTRODUÇÃO À ÓPTICA E ESPELHOS PLANOS (60) -|-f-m
2.8 REFRAÇÃO -|-f-m-d
LENTES ESFÉRICAS(100) -|-f-m-d
2.10 ÓPTICA DA VISÃO (80) -|-f-m-d
2.11 INSTRUMENTOS ÓPTICOS (70) -|-f-m-d
2.12 CINEMÁTICA NO M.H.S(40) -|-f-m-d
2.13 ENERGIA NO M.H.S(40) -|-f-m-d
2.14 ONDAS E ACÚSTICA(100) -|-f-m-d

TERMOMETRIA
    FÁCIL
        [212733,212892,212952,213096,213101,193819,194073,194144,203536,203575,212849,193557,193598,193816,193999,194061,194087,194093,212726,176006,176113,176156,176271,181226,181240,181269,181278,181401,181450,181687,212701,159895,167419,167529,167790,167970,175855,188850,188869,212696,145035,145253,145319,145393,152608,152658,152746,159598,203862,136905,137087,137225,137244,137286,140450,140663,140741,144943,151903,153036,159735,159752,167801,123739,124089,130845,110622,110799,133067,133251,133442,133542,151806,152931,159516,94895,95017,95242,95326,66890,66908,67217,67459,67678,67824,67845,65572,65957,66250,66323,66404,66495,66697,203777,64742,64792,64881,65067,65089,65105,65179,65969,56069,57456,60458,60894,61823,62243,63819,63840,63893,64137,64204,64604,57531,57615,62959,63324,63442,63467,63580,61990,62115,62298,62638,61260,61543,61601,61800,61895,61920,58243,59809,60226,60252,60405,60511,60546,61186,61243,61572,56480,56740,61165,61199,55728,56031,56066,56517,58497,55935,55936,56719,56807,57001,57333,57503,58233,57027,56380,60263,56401,56445,151942]
    MÉDIA
        [176074,167815,152775,140643,67229,67386,107365,66587,59649,61132,56782,57854,58207,58512,59661,60628,55933,55949,59935,59685,58562,58585]
    DIFÍCIL
        [56124,107299]

DILATAÇÃO
    FÁCIL
        [193959,193989,194050,194100,203457,203485,203512,203654,212808,193439,193546,193570,193611,193921,203494,175833,176012,176136,176179,176180,181460,181492,167445,167515,167530,167713,167811,167909,167910,181682,181683,188712,188868,144973,145063,145259,152664,159738,136928,136991,137097,140800,140808,140817,144913,144918,145291,153026,159404,124138,124160,124241,130464,144949,110491,110579,124217,133400,133461,133584,95325,107320,203811,66928,66954,67034,67179,67450,67739,67781,67789,67981,68000,66271,66682,66707,64232,64337,64711,64745,64800,64875,64961,65084,65106,65332,65349,65464,55726,55831,57453,60379,60453,61149,61701,62149,62244,63871,64088,64167,64187,64484,64606,65154,60785,61300,62898,62907,62918,62979,63039,63107,63188,63218,63344,63365,63367,63581,64018,57792,58629,62052,62116,62543,62659,62665,63263,61388,61798,61897,58095,60234,60406,60520,60594,60937,61413,57195,55584,55727,56491,60629,55644,55779,56536,56834,57168,57352,57996,60477,168021,57504,58600,56358,56379,56884,58378,58802,56874,57115]
    MÉDIA
        [213015,194314,203723,212882,212937,188921,193532,203682,133190,176130,181505,181541,181560,181749,212707,167787,168001,188833,145025,145114,152698,152749,152837,152963,153007,153074,153084,159627,159638,137064,151868,151882,151919,152721,153057,167647,167749,123728,130543,130580,140649,152949,110502,110516,110589,152928,159370,203827,95011,95171,95305,203798,66897,67939,66095,66259,66349,67239,144805,159350,64984,65209,57600,63907,64165,63405,63421,58981,55562,56690,56947,58541,61200,55806,57130,58052,58511,60646,60664,55781,55934,56795,56808,57210,60488,57929,58563,58147,58982,57057,57060,56402,57078,56446,59733]
    DIFÍCIL
        [56033,67764,107199,107182,181360,63652]

PROPAGAÇÃO DE CALOR
    FÁCIL
        [193831,193996,194037,203442,212828,212960,188728,188826,193629,193898,203556,212727,175873,176027,176177,181280,181529,181605,159944,159964,167480,167531,167555,167727,167740,167838,168003,175962,175965,145140,145200,145386,152708,152854,152889,159737,136940,137322,140474,140725,140742,151839,152859,153032,159403,159596,159791,167646,203856,123754,123765,123844,123930,130463,130597,144865,159388,110461,110734,110735,124171,124210,133417,133439,133515,133539,159368,94758,95136,95145,95211,95354,107287,159355,67035,67187,67460,67662,67803,67996,65849,66058,66209,66338,66478,66572,66680,159341,64377,64469,64470,64508,64524,64828,64865,65276,65311,66134,66183,60459,63967,64605,168064,168068,56094,59337,59570,60672,62278,62284,62897,62946,62998,63207,63345,63366,58641,58660,62118,62647,62780,61604,60236,60788,60819,60939,56729,56948,60508,55585,55586,55904,56173,60494,60498,168034,55782,58016,58871,60987,167407,167408,167411,57398,59825,60472,60478,60480,60959,60974,58598,60466,60469,58896]
    MÉDIA
        [194028,212651,188790,181427,181539,181663,188635,212695,159423,140545,140771,151840,123990,124061,130436,130890,130915,110604,133486,203831,194028,95096,107283,107349,66834,66933,66934,67516,67540,65507,66125,66366,203768,168074,168075,63872,63994,168069,62335,59204,60747,61412,57179,60505,168036,168033,57914,58231]
    DIFÍCIL
        [60495,67572,137050,57811,57735,57741,57752,57295,61845]

CALORIMETRIA
    FÁCIL
        [212752,212762,212790,212893,213115,213124,193980,194030,194074,194118,194121,203475,203761,212662,212768,212883,212961,188774,188934,193459,193504,193617,193628,193667,193693,193798,193834,193889,194017,194057,212717,175835,175883,175994,176173,176293,181410,181536,181553,181634,181677,181693,159318,159819,159979,159984,167463,167503,167551,167553,167554,167696,167848,167858,167867,168004,175973,188874,144905,144983,145004,145062,145066,145133,145134,145199,145256,145349,145356,145410,145465,152722,153073,153093,159619,159769,130790,136920,136964,137039,137132,137144,137155,137218,137232,137287,137323,137373,140479,140484,140512,140531,140538,140581,140676,140728,140733,144919,145288,151801,151824,151927,153019,153033,153048,153056,159589,159658,123713,123753,123823,123842,123894,123905,123918,123920,123977,124048,124090,124242,130460,130587,130633,130668,130706,130707,137018,140569,140644,140660,144879,159394,110483,110495,110605,110738,110834,123966,124177,130478,133082,133228,133279,133319,133487,159381,94753,94936,95018,95127,95188,95292,95327,95355,107139,133098,133132,66948,67014,67021,67141,67256,67505,67589,67735,67817,67825,67893,67950,65551,65574,65726,65739,65743,65749,65803,65980,66019,66020,66039,66071,66136,66199,66233,66324,66380,66396,66420,66480,66585,66625,66642,66698,144824,159347,64294,64313,64317,64572,64654,64683,64728,64744,64842,64953,65075,65107,65145,65207,65260,65301,65309,65310,65348,65399,66129,66187,66243,66283,55730,57629,57671,61389,61393,61490,61588,61771,61775,61826,61938,62053,62186,62201,62224,62234,63564,63823,63916,63969,64012,64174,56364,56429,57188,57546,57619,57791,58176,59388,59682,59769,60351,60566,60781,61302,61688,61891,61968,62280,62929,62995,63025,63086,63161,63234,63325,63393,63438,63539,63664,63673,63688,55871,58325,58490,58632,58642,61828,61896,62017,62117,62136,62322,62329,62384,62393,62434,62513,62600,62603,62719,62740,62803,62815,62816,63145,56703,61262,61330,61333,61443,61919,62303,62349,56356,58152,58244,58983,59810,60235,60413,61244,61247,61347,56949,58545,59921,61153,61167,61203,168039,168044,55991,56049,56070,56072,56493,58844,60647,61115,56720,56796,56809,58169,58872,60980,60989,60995,55895,56012,56309,57505,58994,59905,56328,56329,57913,58830,56350,55622,56857,58922,58929,56420,59785]
    MÉDIA
        [212794,212951,213030,213069,193937,193944,193969,194131,194166,194326,203464,203479,203529,203538,203663,212665,212754,188730,188741,188890,188910,193497,193571,193669,193716,193751,193766,193868,193892,194065,203587,203737,176000,176049,176081,176102,176148,176162,181236,181344,181442,181445,181491,181547,181578,188668,193424,159535,159574,159982,167420,167431,167458,167466,175858,175952,175967,144974,145008,145277,152672,152747,152748,152878,153101,159765,176054,136963,137277,140769,151904,151918,203842,203851,123785,123874,123881,123938,130681,130775,130778,130795,130851,130943,130952,144958,110518,110553,123745,124078,124098,133440,133543,152927,94885,95119,95197,95219,95232,107167,107222,107264,107289,107330,109729,67232,67282,67351,67523,67914,67946,95103,144886,144888,65498,65602,65778,65793,65860,65905,65916,65924,66029,66249,66419,66540,64712,65330,65370,65424,65461,66160,57041,57440,60956,61148,61557,62440,63883,61249,62194,62899,62916,168057,55920,62802,61426,61603,61712,62354,58165,60938,61188,61214,61521,61673,56691,59156,59918,56011,56151,56589,57128,57855,57876,58053,58503,60026,60496,61117,55869,55950,55985,56183,58423,58445,57334,55691,56968,56979,58031,58564,58599,56923,57869,58128,58824,59807,55705,57058,57821,60264,56403,58380,58803,59966,55634,56882,57112,57775,56192,56447,56448,57533]
    DIFÍCIL
         - [203544,203593,203679,176061,188670,168002,145016,159615,123869,123873,130647,110509,130761,94927,67458,67532,65135,57331,57357,61705,56742,56950,57150,55995,56032,56098,56301,56302,58514,59710,55794,55868,55977,56224,57204,59686,57028,58404,55620,59009,56199,56466]

TERMODINÂMICA
    FÁCIL
        [212857,213006,213052,193852,193945,194042,194146,194174,194298,194328,194329,203506,203531,203553,203565,203760,212677,212881,212938,188891,188899,188941,193451,193478,193547,193650,193659,193664,193717,193760,193807,194062,212842,175834,176174,176175,176176,176264,181227,181336,181402,181468,181476,181637,181751,188623,193788,133172,133178,159435,159907,159908,167474,167492,167500,167547,167556,167697,167715,167806,167898,167902,167912,167984,145024,145033,145043,145047,145051,145069,145144,145150,145157,145190,145203,145260,145267,145431,152599,152604,152707,152838,152853,152863,152904,152922,152980,153102,159340,159557,159629,159639,159763,167669,136946,136961,137034,140521,140522,140544,140781,140791,151905,159399,167804,123791,123824,123848,123924,123939,124137,130468,130553,130598,130621,130634,130904,130932,137009,137017,140556,140652,152952,159397,110699,110722,110835,123965,123967,124079,124211,133227,133258,133274,133365,133551,133552,133585,159375,203823,94878,94944,95098,95137,95159,95189,95213,95347,107265,107273,109739,133155,133197,144843,159356,67037,67038,67065,67134,67252,67255,67590,67598,67712,67723,67745,67772,67896,67973,65575,65681,65689,65797,65925,65956,65981,66070,66084,66154,66179,66198,66277,66325,66330,66391,66426,66430,66438,66515,66517,66549,66550,66577,66715,66736,66749,67161,67807,159343,159344,64231,64368,64370,64385,64446,64449,64494,64525,64587,64719,64818,64821,64929,65108,65109,65125,65162,65251,65264,65312,65331,65404,65425,65462,65970,66217,66295,168072,59660,60900,60954,61737,61784,62066,62187,63737,63915,63927,64044,64074,64090,64124,64125,64175,64188,64207,64607,168067,56714,56773,57375,60209,60404,60565,60790,61189,61190,61892,62141,62152,62915,62930,62960,63044,63072,63211,63230,63251,63340,63341,63361,63368,63369,63406,63419,63453,63488,63502,63514,63541,63666,63697,57704,58631,61815,62454,62574,62720,62728,62770,62781,63141,63264,63677,56704,61716,61765,62315,62350,168050,168051,60253,60414,60591,60831,168047,168048,55560,56481,56951,57479,60720,168037,168041,168042,55884,56073,57446,57428,55672,55955,57396,60966,168022,56010,57507,168018,56906,55619,55706,58944,57081]
    MÉDIA
        [212979,213016,213087,193977,194005,194141,194142,194208,194306,203513,203708,212884,188761,188780,188802,188817,188818,188923,188937,188938,212979,193351,193572,193589,193720,193767,193814,193902,194218,203452,203672,203678,203680,212824,109742,175913,176025,176063,176076,176084,176137,176143,176150,176263,181507,181556,181574,181598,181678,183791,188634,188667,193537,194011,159501,167514,167580,167699,167725,167844,167874,167888,167956,167967,167977,175857,175970,175972,175975,188834,188845,144999,145101,145127,145151,145338,145375,145422,152776,152840,159602,159701,167670,136996,137065,137272,137324,137377,140488,140687,151609,151615,151861,151869,152720,159333,159787,167648,167796,123978,124141,124179,130525,130661,130825,130936,130948,137028,188672,110685,130760,133300,133472,133573,159373,95205,95270,95328,107143,107168,107169,107200,107321,107355,133164,133564,66882,66947,67127,67166,67513,67549,67559,67573,67724,67791,67837,95104,107368,144828,144896,152799,65505,65510,65576,65656,65706,65727,65940,66604,144798,144806,144815,144819,144822,144825,159352,64233,64369,64393,64638,64691,64779,64817,64868,64948,65137,65175,65244,65371,168071,168076,168077,56966,58099,60901,61722,61754,63824,63968,64055,65167,65189,55756,62909,63114,63426,63534,63665,168059,168060,168062,168063,62299,62362,62416,62642,58462,61332,61427,61606,60522,60696,60753,60794,60854,60866,61345,168049,57940,60535,168038,56054,57312,60013,61007,55783,59940,167412,56134,57336,60972,168026,55896,56308,57721,58032,58033,58999,58769,58973,57949,58383,56422,58914,58229,57555]
    DIFÍCIL
        [55766,58688,130911,61285,65643,57733,60917,60916,65525,130741,181548,181524,212962,203543,194289]

INTRODUÇÃO À ÓPTICA E ESPELHOS PLANOS
    FÁCIL
        [212731,194045,194076,194180,203463,203615,212650,212671,212758,212804,212958,188690,188917,193563,193593,193703,193803,193804,194022,194094,203604,176048,176138,176145,181501,203431,159537,159604,159833,159966,167459,167533,167535,167549,167778,175881,175949,181500,145264,145371,152615,152901,152908,153070,159600,159683,159739,167736,136982,140446,140471,140520,140584,140700,140715,140721,140810,144872,144936,151830,152812,152860,153049,153055,203857,123899,124042,124189,130470,152943,110697,110739,110814,110817,130766,133068,133390,133409,133512,133513,94740,94937,95120,107154,107219,109733,66967,66992,67184,67231,67725,67813,67915,167485,66155,66397,66408,66448,66479,66574,66590,66637,66740,64237,64366,64447,64747,64922,65206,56339,57377,61151,61617,62436,63966,64036,64045,64070,64130,64180,64203,64608,55856,56524,57413,57515,59726,59954,60812,61391,62268,62281,62282,62654,63543,58661,58663,62330,62472,62722,62766,61574,59811,60943,61191,61212,57141,55588,55589,56075,58875,60490,56142,57401,57995,56912,59297,58940,60262,56886,58091,58246,58232,58230,60177,60178,60179,60185,60186,60187,60188,60189,60191,60192,60193,60194,60196,60199,60200,60201,60202,60203]
    MÉDIA
        [212956,193460,159862,167421,152657,152973,137053,151908,153027,159405,123841,130588,203829,95160,107165,203780,64492,60813,61672,63568,168058,58219,61546,60742,56226,58181,167410,57075,59270,60180,60181,60184,60197,60198]
    DIFÍCIL
        [145165,176303,181451,181382,181375,188952]

ESPELHOS ESFÉRICOS
    FÁCIL
        [212856,213112,193960,203583,203600,203748,212660,212851,188892,193485,193890,193913,194019,194091,194097,109750,175914,176041,176139,181582,194012,203524,159319,159538,159959,167536,167680,167704,167821,167843,167860,167991,175852,203520,145039,145092,145098,145257,145363,145402,145429,152613,159643,167672,136938,136947,137134,137152,137226,137288,137382,140460,140526,140797,144965,145292,151843,151871,167649,123774,130857,130925,130954,140557,140570,140650,144953,110469,110485,110489,110561,110760,123968,133436,133463,133514,133531,94754,95054,95191,95244,95286,95333,107274,109736,133135,159359,203797,67041,67042,67079,67080,67113,67268,67390,67800,107370,65728,65850,65862,66057,66078,66407,66584,64236,64302,64386,64452,64619,64799,64927,65088,65113,65275,65405,65439,65469,58693,60454,61555,61559,61759,61764,62177,63740,63905,64046,64176,64192,65199,56184,57426,57624,57778,60215,60627,62881,62920,63217,63326,63414,63468,63529,63582,63702,62119,62151,62371,62455,62545,62729,61903,56810,58089,59962,60290,60827,61352,61525,58890,61044,61170,56037,56077,57126,58057,58504,58526,60014,60632,60667,61001,55874,58446,60990,59252,60475,56313,58035,58601,57032,58126,57067,56407,58807,56425,58912,59715]
    MÉDIA
        [212894,212835,188744,188931,193352,203683,176062,176085,181679,193538,159902,159948,145209,159632,137236,140678,151863,159725,123913,130818,110576,133087,133252,133368,133574,94898,107142,107310,67324,67325,67349,67711,65580,65738,65742,65911,66006,66251,66416,64640,64954,65171,65180,56061,56958,62900,63252,63470,62323,61336,56785,60651,57217,60993,55905,56386,55625,57798,56469
    DIFÍCIL
        [55569,60774,58729,64465,194204,213152]

REFRAÇÃO
    FÁCIL
        [213009,213031,213113,193655,193822,193849,193932,193942,194134,194179,203724,203762,212678,212829,212886,212912,188791,188803,193454,193525,193578,193680,193692,193723,193794,193908,212813,212866,212905,175836,176103,176122,176306,181231,181287,181305,181340,181436,181557,181643,181740,181746,188626,188633,193790,203445,159438,159820,167493,167545,167546,167559,167705,167706,167714,167721,167809,167864,167987,181703,188835,188873,212688,144976,145011,145034,145052,145149,145321,145351,145423,145440,152605,152750,152773,152846,152866,152873,152882,152964,153015,153069,153097,159414,159700,159768,136921,137072,137135,137221,137233,137381,140448,140466,140533,140542,140723,140737,140782,140789,144903,144917,144931,145289,152726,153023,159398,159661,159736,159750,167793,203844,123718,123792,123816,123826,123878,123882,123904,124060,124092,124129,124197,124227,124238,124247,130489,130602,130682,130691,130783,130856,130900,130927,130937,144959,110503,110517,110554,110679,124097,133259,133298,133489,133495,133504,133568,144859,152925,203821,94956,95142,95170,95206,95300,95331,107131,107180,107238,107267,107322,107331,133077,133133,133567,203800,203815,66941,67058,67069,67185,67266,67334,67449,67472,67591,67738,67765,67775,67798,67835,67872,67902,67916,67962,67974,67984,68009,65501,65577,65579,65596,65620,65663,65688,65768,65792,65863,65926,65946,65982,66026,66034,66072,66142,66147,66234,66273,66321,66322,66348,66383,66433,66441,66444,66471,66511,66551,66627,66644,66668,66708,66738,67805,64212,64235,64295,64336,64477,64526,64574,64575,64588,64655,64705,64780,64793,64962,64975,65085,65111,65138,65232,65245,65317,65406,65426,65441,66161,66182,66298,66299,55743,57437,57639,60434,60439,60960,61159,61231,61560,61579,61582,62175,62209,62246,63842,63921,63970,64097,64140,64185,64205,64485,65196,56442,59062,59652,59653,59680,59772,61400,61711,62261,62652,62911,62932,62962,62970,63028,63042,63090,63099,63119,63182,63229,63278,63330,63342,63396,63443,63455,63500,63512,63692,55923,57864,57875,58633,58662,61785,62057,62172,62373,62396,62397,62421,62427,62518,62555,62614,62701,62730,62782,62804,62817,62819,63265,56903,61335,61366,61367,61377,61474,61486,61607,61732,61778,61901,61905,62310,56811,60237,60416,60550,60554,60563,60695,61059,61089,61091,61350,61351,61415,61526,56692,56730,56744,57481,57482,58889,60534,61201,55587,55735,55736,55737,55971,55972,56051,56123,56174,57124,57461,57856,58197,58846,58847,60682,61004,55647,55652,55873,55989,56186,57212,57213,57427,58424,60994,55675,55909,57005,57007,57161,57355,57400,58363,58474,58475,58859,59690,59821,60967,55979,56002,56970,56981,57093,57508,58569,58570,58987,59911,59913,59914,60470,56324,57033,57918,57919,57920,58405,58766,58833,58834,58971,59814,59815,60362,55704,56360,56860,58941,56406,56408,58808,58925,58934,59973,60350,56424,56868,56873,57122,59779,56196,56201,60348,60373,151945]
    MÉDIA
        [212765,212798,213072,193928,193968,193983,193988,194102,194233,203471,203484,203594,203664,203709,212773,188679,188707,188729,188751,188769,212765,188880,188897,188905,193416,193442,193500,193549,193559,193618,193646,193670,193736,193877,203558,203588,203738,175897,175993,176161,176265,176270,181284,181429,181457,181478,181540,181563,181642,181654,181658,181689,181754,193429,133179,159471,159807,159812,159847,159894,159927,167401,167430,167434,167558,167683,167684,167792,167904,168000,188836,145027,145104,145350,152629,152684,159424,159443,159564,159618,159649,159785,136960,136974,136992,137056,137278,137325,137339,140677,144897,144966,151910,151921,159322,159751,167650,188697,203850,123731,123788,123832,123925,124128,124161,124188,124258,130542,130667,130710,130832,130905,152941,159385,159391,110511,110778,130481,130764,133575,159378,94876,94910,94943,94945,95005,95044,95090,95116,95158,95330,107173,133145,66886,67431,67515,67525,67534,67547,67746,67938,95108,107369,65658,65708,65752,65789,65910,66177,66432,66606,66700,203769,203784,64335,64354,64365,64420,64509,64816,65112,55630,58709,60377,61839,62188,62211,63935,63990,64035,64106,57277,60218,60371,60810,62164,62901,63253,62020,62089,62742,62784,63683,61273,61576,61974,61984,58328,58984,60527,60576,60598,60599,60688,60773,60855,61101,61134,55573,56482,56953,56954,57140,57765,58531,59171,59172,59929,60734,61205,55817,56038,56078,56584,57736,59712,60015,55796,55938,56185,56540,58166,58447,59931,60835,57356,59691,59827,55610,55894,56311,56565,57509,58602,58603,60365,55616,56910,56911,58131,58318,58972,57068,58104,58786,58954,56898,57082,57084,57813,58093,60207,56426,57749,60349,56450,56451,60346,60347,60356,60368]
    DIFÍCIL
        [60372,56468,60360,59396,59186,59139,57197,59639,59260,62363,62102,62058,63950,63779,64643,65646,107303,67577,67305,94921,94918,130719,123855,123810,151967,153009,145014,144975,181354,175865,203686,194222,194272,193946,213143]

ÓPTICA DA VISÃO
    FÁCIL
        [212751,194032,194132,212816,193579,193770,193808,193813,176286,181494,181664,181695,181711,188652,167613,167810,167818,188851,145059,152600,159771,136906,136939,137095,137156,140748,123730,124233,130658,130693,130944,110463,110832,123748,133280,95348,107148,159361,66235,66443,66470,66499,66628,66683,67883,61514,63826,63867,63873,64076,64128,64168,64584,64594,57698,58956,59422,63439,63456,61819,61834,62059,62573,61429,61978,55939,57905,60334,60335,60336,60337]
    MÉDIA
        [193829,212670,188783,181346,181502,159498,159854,167517,167745,167869,188719,159778,151875,152727,124142,140656,203837,133443,94913,107256,67462,95109,65709,66500,66538,144804,60388,61609,56160,57085,57086,57892,60332,60333,60338,60344]
    DIFÍCIL
        [61855,130926]

INSTRUMENTOS ÓPTICOS
    FÁCIL
        [213042,194003,203481,193608,176065,176287,145107,145118,152982,152994,136929,136958,137247,123766,130445,130453,130574,130581,130631,130632,130709,130784,110725,133528,66892,67219,66130,66284,58992,62036,60961,55908,59483]
    MÉDIA
        [181420,181428,181451,176303,188776,152592,167737,137263,130794,137030,107201,159358,95107,67942,61626,57123,59476,59478,59480,59484]
    DIFÍCIL
        [59486,59479,64375,66716,65948,130726,145165]

ONDAS
    FÁCIL
        [212735,212749,212789,212895,213011,213032,213063,213068,213080,213094,213130,193853,193961,194008,194023,194031,194104,194125,194147,194172,194197,194201,194307,194334,194335,194337,203438,203462,203486,203497,203502,203514,203548,203562,203580,203665,203725,212659,212759,212776,212805,212817,212818,212819,212830,212911,212932,212963,188732,188750,188760,188804,188820,188881,188893,188911,188918,188926,188942,193415,193443,193452,193505,193506,193530,193550,193580,193587,193612,193623,193644,193656,193713,193721,193762,193764,193768,193769,193799,193802,193809,193817,193873,193909,193916,193918,194020,194058,194067,194082,194092,203554,212843,212844,212867,175898,175982,176024,176045,176072,176131,176157,176178,176189,176203,176204,176311,181238,181271,181404,181419,181437,181439,181453,181458,181463,181466,181495,181532,181533,181644,181645,181712,181760,188644,188659,194013,203446,212700,133171,133173,159796,159800,159813,159856,159911,159928,167453,167465,167502,167534,167550,167560,167561,167567,167611,167679,167707,167742,167791,167826,167832,167846,167890,167913,167997,175951,175954,175963,175969,175976,188847,188867,188871,144972,145006,145026,145058,145064,145095,145135,145136,145137,145155,145158,145206,145254,145265,145279,145322,145378,145421,145430,152563,152587,152593,152628,152646,152659,152682,152711,152755,152757,152847,152877,152907,152920,152990,153098,153099,159474,159582,159623,159640,159651,159676,159678,159682,159695,159707,159760,159772,159780,159786,176053,176056,136908,136913,136930,136997,137035,137067,137078,137083,137096,137121,137136,137137,137157,137208,137248,137260,137276,137311,137343,137378,140472,140477,140513,140517,140546,140665,140747,140759,140818,144869,144899,144901,144902,144923,144925,144929,145293,151835,151851,151870,151887,151888,151907,151961,151966,152724,152725,152813,153034,153042,153054,153064,159324,159330,159402,159406,159790,167803,203848,123717,123719,123752,123767,123787,123892,123908,123911,123917,123932,123948,123955,124139,124162,124229,124260,130440,130454,130456,130457,130488,130493,130502,130573,130596,130612,130616,130617,130626,130650,130651,130663,130695,130708,130747,130748,130777,130803,130804,130849,130891,130901,130903,130941,137003,137010,137015,137026,140558,140571,140647,140655,144878,144885,144954,159390,159396,203840,110487,110504,110575,110598,110624,110626,110736,110740,110749,110758,110769,110779,110836,123975,124095,124219,130479,130756,133088,133213,133229,133246,133264,133284,133287,133291,133301,133303,133316,133320,133330,133392,133423,133467,133491,133497,133506,133544,133546,133554,144853,144863,159374,159379,159506,159510,94756,94761,94897,94899,94909,94928,95019,95026,95086,95117,95130,95131,95133,95199,95220,95222,95225,95228,95230,95246,95247,95272,95287,95314,95324,95353,107134,107151,107245,107257,107258,107266,107277,133079,133134,133144,144842,144850,159362,203803,203808,203814,66891,66898,66924,66930,66936,66943,66945,67033,67039,67055,67064,67068,67129,67138,67165,67246,67264,67283,67332,67339,67342,67391,67527,67543,67551,67599,67664,67674,67719,67722,67747,67766,67776,67782,67788,67790,67822,67844,67848,67909,67917,67956,67961,67978,68001,68004,68005,95110,107362,144829,144836,144887,152796,203793,65554,65573,65657,65664,65729,65767,65780,65791,65804,65851,65864,65960,65983,66021,66063,66065,66083,66156,66195,66197,66210,66272,66278,66331,66345,66364,66381,66382,66392,66398,66425,66446,66447,66450,66481,66482,66503,66518,66535,66554,66596,66619,66681,66711,66720,66723,66724,66732,66748,67881,159345,159354,64234,64334,64343,64344,64347,64348,64349,64359,64367,64379,64391,64394,64419,64423,64493,64504,64510,64527,64576,64663,64674,64706,64718,64746,64761,64824,64829,64830,64867,64885,64923,64946,64986,65072,65090,65104,65110,65130,65131,65144,65172,65177,65227,65252,65274,65314,65315,65316,65350,65351,65352,65353,65400,65440,65470,65967,66186,55744,57487,57640,58699,58705,58728,58931,60446,60447,60448,60861,61399,61554,61592,61717,61731,61745,61858,62030,62216,62227,62236,63736,63812,63827,63832,63833,63843,63885,63886,63891,63901,63923,63932,63971,63976,63979,63985,64013,64015,64017,64053,64098,64100,64122,64139,64603,64614,65153,168065,56711,56832,57289,57523,57634,57697,57777,58649,59211,59656,59799,60070,60359,60626,60808,61185,61251,61287,61967,61970,62156,62157,62158,62286,62289,62844,62848,62902,62910,62931,62943,62945,62980,62982,62996,62997,63008,63023,63027,63043,63066,63077,63087,63097,63112,63120,63159,63215,63231,63254,63279,63323,63331,63332,63343,63359,63364,63394,63398,63427,63472,63473,63474,63490,63498,63499,63516,63520,63689,63696,63698,55598,56234,57999,58138,58623,58628,58640,61058,61695,61817,61830,62009,62010,62018,62019,62038,62061,62138,62154,62305,62324,62386,62398,62418,62425,62448,62449,62516,62517,62529,62531,62541,62583,62586,62612,62644,62698,62731,62743,62801,62814,63679,61265,61270,61356,61364,61428,61430,61487,61501,61545,61577,61580,61619,61715,61734,61750,61777,61794,61898,61899,61922,61954,61985,62308,58327,58381,59015,59813,59867,59963,60308,60418,60528,60555,60572,60817,60851,60941,60942,61060,61092,61136,61137,61348,61349,61416,61499,56731,56745,56784,56955,57139,57142,57180,57480,58546,58888,59928,61045,55734,55757,55827,55886,55906,55998,56036,56050,56175,56494,57131,57447,57449,57470,57858,57859,57879,58410,58523,58848,59714,60004,60499,60631,60668,60681,61000,55785,55792,55951,55986,55988,55990,56709,56721,57171,57429,58019,58162,58873,58874,58879,59941,60838,60983,60986,57011,57353,57358,57399,58006,58473,58858,59822,60971,55685,55694,55897,56005,56305,56982,57510,58567,58986,59005,59912,56326,56916,57830,57868,58406,58773,58963,58966,58967,58970,55617,55712,56359,56384,56385,57059,57826,58124,59132,59283,56405,56892,56893,57801,58103,58390,58391,58805,58924,58935,59377,59974,60217,57121,57770,58897,59783,59788,56449,59725,59736,56467,60156,60175,56663,60126,60127,60129,60131,60134,60141,60142,60155,60168,60170,60174,60176,151949]
    MÉDIA
        [212736,212741,212800,212859,212970,212980,212991,212994,213041,213055,213056,213104,193924,193955,193967,193972,194029,194044,194046,194051,194117,194136,194168,194178,194186,194199,194229,194300,194302,194320,203566,203710,203749,212681,212756,212885,212930,188723,188786,188792,188814,188828,188904,188932,193402,193466,193498,193581,193599,193677,193699,193735,193866,193875,193891,193896,193920,203491,203642,203692,203739,212868,133189,175838,175866,175915,175991,176018,176040,176101,176151,176190,176196,176200,176292,181308,181482,181489,181496,181530,181537,181542,181545,181550,181552,181566,181597,181610,181694,188641,188647,188656,188658,188661,188807,193427,133170,133174,133181,133187,159429,159432,159440,159806,159821,159897,159945,159960,167429,167433,167442,167460,167516,167575,167579,167584,167746,167822,167870,167965,167971,175906,175953,175971,176304,181704,188718,188838,188848,188875,144996,145201,145262,145280,145314,145397,152581,152616,152650,152700,152745,152780,152783,152848,152872,152884,152983,152993,153094,153096,159488,159559,159620,159628,159698,159774,176050,176051,176057,136922,136994,137084,137115,137142,137264,137266,137305,137326,137374,137375,140673,140681,140702,140717,140760,140788,144912,144938,151825,151827,151886,151906,151964,152814,159664,159724,159748,167651,167652,167797,188695,188696,188698,188700,123726,123740,123822,123834,123858,123937,123950,123988,124062,130614,130635,130683,130687,130780,130799,130821,130852,137029,144871,159389,159392,188673,110479,110521,110584,110721,110833,123749,123798,133069,133429,133441,133453,133464,133540,133569,133576,151807,203832,94938,95020,95051,95055,95099,95139,95157,95241,95301,107149,107158,107171,107281,107307,107346,109732,133150,133153,133166,144844,66946,66950,67117,67139,67253,67326,67327,67336,67388,67423,67461,67467,67493,67567,67578,67600,67832,67874,67899,67907,107377,167483,167484,65591,65603,65680,65683,65710,65711,65753,65912,65918,65934,65935,65938,65953,66012,66096,66124,66236,66252,67804,144802,144808,144817,144826,64224,64378,64409,64474,64642,64668,64677,64720,64763,64777,64797,64841,64869,64919,65369,65428,168070,57360,61235,61742,61756,61787,62176,62185,62205,62207,63703,63825,63868,63900,63928,64043,64199,65191,56108,56114,61220,62999,63026,63074,63454,63530,63667,55926,61704,62085,62088,62090,62364,62576,62632,62646,62771,58262,58791,59040,61334,61353,61375,61385,61387,61462,61500,61610,61623,58985,59812,60601,60602,60687,60778,60853,61126,61522,61660,55565,56483,58895,59147,59162,59170,60732,60735,61172,55807,56074,56290,56292,56518,56533,57989,57990,58055,58198,58199,58411,58508,60012,60652,55793,55799,56225,56506,57214,58425,58456,60842,56574,56999,57354,57403,58001,59693,59694,56555,56645,58036,58565,58568,58604,59006,60153,56918,57916,57955,57959,58145,58332,58335,58831,58832,58968,58293,58303,58779,58781,58782,58957,60265,60268,58389,58806,58933,56423,56866,56881,56975,56976,57684,56197,56207,60139,60140,60143,60145,60146,60152,60172,57540,60128,60130,60132,60133,60135,60137,60138,60144,60147,60148,60149,60150,60151,60154,60157,60158,60159,60160,60161,60162,60163,60164,60166,60169,60173]
    DIFÍCIL
        [60165,57551,57520,57601,57589,57580,57641,58273,58788,56765,56668,56312,57812,56141,57265,57206,56806,57301,56159,56096,57768,57764,57181,61014,60615,60614,61726,61460,61447,58260,60424,59061,58763,58761,64026,58686,57367,56935,64688,64265,203778,66684,65645,65644,65611,65530,67535,67210,67144,66884,133122,133103,95271,95007,130928,130866,130736,130521,140705,140607,167919,167668,159451,145312,145202,145046,145018,167597,159877,159462,188642,181525,181516,176222,109757,212825,212812,203688,193686,194271,194258,194181,213018,212977,212971]

CINEMÁTICA
    FÁCIL
        [212728,212748,212750,212761,212786,212890,212950,213004,213014,213034,213057,213061,213076,213092,213095,213097,213099,213105,193740,193836,193840,193846,193925,193931,193957,194000,194047,194049,194068,194069,194078,194129,194175,194196,194303,194308,203434,203437,203439,203455,203466,203467,203473,203498,203501,203534,203537,203658,203718,203742,203753,203754,212674,212682,212767,212827,212913,212926,212927,188771,188809,188896,188912,188928,193350,193405,193482,193483,193496,193501,193516,193526,193560,193595,193614,193657,193674,193676,193702,193733,193763,193792,193796,193815,194053,194054,194063,194088,194089,194095,194098,203448,203496,203527,203528,203584,203675,203732,212703,212716,212722,212723,212822,212862,212897,109745,133188,175882,175909,175980,176005,176009,176033,176042,176069,176097,176116,176166,176171,176267,181265,181303,181335,181343,181348,181399,181455,181486,181564,181567,181600,181601,181624,181625,181627,181650,181657,181660,181665,181666,181675,181686,181737,181739,181759,193786,203432,203522,212704,159313,159575,159795,159805,159825,159829,159884,159913,159920,159947,159954,159962,159963,159976,159987,167398,167405,167417,167454,167455,167481,167508,167522,167524,167586,167689,167805,167824,167835,167841,167854,167960,167988,167993,168006,175878,175879,175901,175977,181698,188711,188840,188842,188843,188860,212690,144991,145032,145048,145084,145097,145100,145110,145128,145138,145186,145246,145252,145270,145272,145316,145354,145355,145373,145415,145416,145442,152565,152603,152618,152619,152639,152663,152665,152671,152687,152715,152770,152827,152828,152862,152881,152899,152906,152959,152960,152971,152979,152988,153012,153076,153089,159417,159586,159634,159647,159670,159679,159681,159696,203863,130789,136910,136916,136935,136945,136951,136976,136977,136990,137031,137033,137059,137085,137086,137111,137117,137119,137123,137130,137131,137143,137146,137148,137154,137206,137207,137214,137229,137237,137241,137243,137292,137299,137314,137365,137366,137370,140439,140459,140465,140473,140481,140491,140495,140523,140532,140537,140539,140712,140734,140750,140752,140762,140770,140777,140786,140802,140813,144906,144907,145296,151833,151844,151859,151876,151897,151922,151965,152694,152717,152857,153017,153025,153031,153038,153039,153061,159407,159654,159662,159663,159733,159744,159793,167638,167639,167640,167802,203841,123720,123727,123736,123756,123760,123778,123811,123843,123847,123897,123900,123901,123921,123935,123954,124046,124073,124091,124132,124155,124195,124230,124243,130432,130443,130458,130465,130499,130500,130556,130562,130570,130585,130590,130592,130639,130641,130643,130675,130686,130698,130699,130768,130770,130801,130843,130897,130906,130912,130920,130940,137008,137014,140550,140552,140563,140648,140653,140658,144944,152954,159384,159395,107187,107188,110465,110466,110473,110494,110508,110550,110557,110571,110585,110595,110765,110766,110767,110800,123799,123957,123958,124083,124093,124094,124213,124220,130475,130476,130750,133062,133076,133255,133260,133282,133285,133387,133388,133395,133418,133419,133425,133433,133447,133450,133451,133469,133476,133500,144860,152924,152929,159515,203826,67853,94751,94757,94882,94904,94933,94955,94986,95041,95084,95092,95141,95182,95184,95193,95229,95234,95237,95315,95344,107135,107153,107161,107174,107175,107242,107250,107252,107280,107312,107338,107344,109737,133078,133084,133085,133126,133149,133161,133566,144848,159592,203795,203809,66887,66901,66902,66903,66911,66912,66913,66927,66942,67011,67018,67023,67024,67059,67112,67130,67133,67153,67178,67213,67237,67243,67260,67277,67278,67279,67341,67378,67528,67659,67671,67734,67740,67778,67799,67871,67897,67911,67925,67926,67928,67947,67957,67968,67969,67985,67987,67994,95106,107364,203788,65495,65540,65561,65562,65564,65599,65652,65716,65717,65719,65761,65856,65913,65951,65975,66013,66040,66059,66060,66077,66082,66149,66151,66229,66230,66246,66257,66275,66307,66308,66309,66310,66311,66326,66336,66340,66374,66395,66401,66409,66414,66421,66424,66439,66440,66465,66505,66506,66532,66541,66542,66573,66605,66618,66657,66674,66677,66691,66737,66753,67158,67206,67240,67751,67886,56208,64227,64240,64243,64286,64291,64308,64311,64316,64320,64331,64380,64466,64487,64503,64518,64519,64566,64631,64633,64658,64661,64703,64716,64729,64730,64736,64737,64738,64778,64814,64859,64880,64956,64972,65083,65094,65095,65096,65123,65124,65142,65181,65205,65210,65211,65221,65256,65257,65270,65321,65322,65323,65341,65342,65420,65451,65452,65453,65454,65455,66131,66214,66238,66239,66241,66280,66287,66288,66292,66293,168073,55627,55631,57583,57585,57586,58681,58689,58690,58710,58716,60389,60397,60398,60399,60417,60445,60455,60873,60875,61122,61398,61550,61727,61747,61761,61930,62035,62134,62143,62180,62181,62212,62214,62248,63559,63561,63562,63563,63767,63768,63815,63822,63834,63859,63860,63861,63879,63880,63881,63888,63909,63958,63983,63993,64037,64066,64078,64079,64081,64082,64104,64105,64120,64134,64157,64169,64181,64182,64194,64592,64598,65198,65201,55677,55852,55853,55956,56121,56367,56611,56612,56675,56708,56939,57090,57547,57554,57571,57573,57575,57794,58258,58339,59054,59084,59089,59106,59238,59683,59742,59749,59753,59832,59834,60537,60643,60782,61257,61261,61296,61337,61406,61693,62159,62265,62266,62273,62589,62590,62594,62818,62878,62892,62908,62917,62924,62925,62941,62955,62974,63003,63004,63017,63018,63020,63037,63065,63079,63082,63083,63091,63094,63121,63168,63169,63222,63246,63247,63270,63271,63318,63335,63355,63390,63409,63415,63424,63446,63447,63448,63461,63493,63521,63522,63526,63542,63577,63660,63684,63685,63693,63694,64022,168061,55857,57699,57700,57865,57961,58622,58650,58651,58652,59584,61687,61791,61813,61825,62014,62028,62043,62109,62110,62111,62128,62296,62320,62326,62361,62379,62380,62394,62404,62410,62504,62507,62547,62559,62596,62607,62615,62629,62661,62690,62706,62707,62709,62718,62726,62735,62736,62762,62768,62774,62796,63135,63143,63144,63646,56435,57114,58208,61252,61253,61278,61279,61359,61422,61480,61537,61562,61564,61565,61595,61620,61730,61740,61741,61746,61788,61793,61799,61876,61877,61878,61913,61914,61918,61979,61980,61982,62309,62333,62337,62341,62342,56351,56904,57422,57478,57596,57930,58825,59956,59957,60083,60171,60195,60205,60245,60370,60380,60442,60444,60460,60553,60693,60787,60820,60864,61062,61063,61083,61128,61180,61210,61213,61494,61507,61661,61663,56475,56693,56725,56728,56734,56934,57144,58882,58883,60529,60531,61040,168035,55563,55580,55714,55715,55826,55838,55903,55967,56008,56015,56016,56022,56167,56168,56489,56522,56585,56586,56593,57843,57845,58056,58408,58499,58839,58840,58841,60006,60491,60619,60674,60675,61005,61116,168030,55776,55914,55945,56535,56537,56820,56821,56823,57173,58012,58014,58022,58415,58416,58439,58866,60484,60844,55954,56568,56575,56579,57002,57231,57328,57330,57374,57388,57390,58460,58854,59673,59819,55682,56306,56643,56962,56963,56973,57030,57492,57494,58555,58587,59001,168015,168017,168019,168020,56917,56922,57832,57838,57839,57861,57907,57917,58395,58396,58575,58576,58578,58582,58764,59802,59804,55697,56338,56340,56341,56373,56852,57049,57815,58109,58217,58938,58939,58947,60261,56126,56890,56891,56930,56932,57069,57796,57797,58370,58375,58796,58797,58916,58917,59969,56872,56878,56879,59776,56194,56436,56437,59720,59442,56170,56172,59436,59443,59459,60190,151938,151943]
    MÉDIA
        [212729,212742,213027,193930,193938,193948,193949,193975,193981,194007,194024,194116,194160,194256,203507,203539,203545,203644,203651,203720,212772,212780,212782,212801,212802,212833,212847,212925,212933,212954,181592,188731,188752,188763,188781,188787,188789,188795,188810,188822,188936,193395,193411,193413,193433,193447,193448,193494,193540,193542,193558,193561,193616,193620,193647,193663,193666,193696,193726,193801,193882,193886,193917,193991,194081,203561,212809,212837,212838,109748,175828,175868,175908,175910,175985,176007,176034,176059,176066,176079,176082,176091,176093,176107,176111,176124,176164,176169,176284,176294,181233,181234,181421,181446,181481,181485,181520,181544,181672,181742,188631,188657,193418,193533,193534,133186,159314,159494,159532,159541,159606,159609,159815,159831,159865,159866,159886,159898,159955,167414,167432,167452,167487,167501,167564,167570,167571,167677,167686,167719,167741,167759,167783,167812,167882,167959,167973,167981,175902,175956,175957,188713,188830,188859,203516,145010,145021,145088,145185,145194,145247,145251,145271,145273,145308,145344,145345,145357,145388,145401,145406,145414,145426,152583,152635,152647,152655,152737,152738,152829,152917,152969,152974,152977,153077,159420,159421,159519,159524,159625,159773,167659,167660,167734,137055,137079,137275,137297,137300,137315,137340,137364,140468,140470,140485,140507,140680,140716,140761,140775,140785,140799,140806,144908,144928,144962,151798,151799,151817,151841,151880,151883,151896,152562,152693,152806,153043,153050,159741,167794,123714,123770,123777,123807,123819,123876,123903,123919,123922,123923,124121,124183,130434,130507,130539,130584,130642,130836,130837,130918,130929,130945,130947,137006,140564,144877,144955,152947,159382,159393,188676,110459,110484,110596,110621,110684,110720,110782,110827,123743,123796,123962,123963,124082,130753,133059,133248,133296,133405,133432,133444,133452,133541,144857,151810,152930,159376,159502,159504,203824,94764,94872,94889,94915,94932,94987,95042,95082,95155,95167,95194,95217,95235,95316,107164,107189,107190,107192,107193,107220,107261,107275,107327,107335,107353,133086,66894,66895,67015,67025,67321,67328,67329,67355,67401,67422,67428,67446,67471,67509,67529,67536,67676,67707,67717,67758,67759,67811,67828,67849,67873,67905,67910,67952,68008,107290,144832,152793,65220,65553,65666,65699,65718,65721,65735,65762,65770,65921,65923,65998,65999,66093,66139,66145,66193,66254,66342,66640,66692,66725,67806,64298,64410,64417,64585,64632,64635,64690,64759,64790,64871,65324,65325,65344,65409,65434,65965,66132,66159,66245,66289,55820,57044,57670,58715,59208,61119,61638,61718,61781,62039,62145,62203,62437,63814,63890,63911,63959,63982,63991,64032,64062,64159,56774,57804,58173,59157,60310,62879,62906,62989,63431,63462,62078,62096,62357,62378,62567,63676,56705,58321,61423,61437,61453,61454,61593,61783,61961,61981,168052,57420,58097,59032,60512,60538,60568,60658,60683,60684,60694,60701,60704,60793,60822,61085,61127,61182,61217,61339,61407,61409,168045,168046,56474,56682,56739,56771,56933,56937,56943,57143,57146,57192,57472,58533,58537,58554,58881,59143,59917,60709,60733,61039,61041,61143,61160,168043,55902,55964,55965,55966,55992,56017,56028,56044,56055,56056,56060,56092,56110,56128,56149,56247,56591,56592,57133,57134,57189,57458,57844,57987,58045,58047,58495,58498,58510,58513,58519,59561,59662,59663,59664,59708,59946,59947,59948,60008,60011,60492,60620,60621,60622,60638,60639,55775,55878,55879,55880,55915,56179,56538,56549,56735,56789,56793,56817,56819,56822,56824,56825,58417,58418,58440,58441,58442,59934,59936,59943,60481,60486,60832,60834,55910,56014,56985,57154,57244,57325,57326,57337,57373,58000,58009,58459,59249,59672,59677,60965,55689,55890,56307,56552,56964,56965,57493,57884,57885,57887,58026,58028,58556,58588,58589,58590,168016,57012,57862,57906,57942,57951,57963,57969,58129,58392,58409,58577,58767,58815,58969,59808,55709,56374,57038,57817,57825,58105,58110,59129,59384,60255,60256,56393,56894,56929,58080,58371,60206,60216,56286,56287,56288,56413,57092,57781,58906,59770,56440,59723,59731,56412,56456,56457,56458,57528,56259,59426,59437,59438,59439,59445,59446,59447,59449,59452,59456,59458,60204]
    DIFÍCIL
        [59460,59450,59435,59425,59356,58269,58268,58078,57074,57073,57026,58235,57155,56130,57275,56736,55917,58205,57302,56606,56099,59181,59175,59152,56683,61662,60574,60573,61816,64727,64681,64226,203772,65844,65772,65552,65538,65522,67562,133101,133525,110558,130950,130842,130638,123867,136971,145399,145115,167572,188654,181358,176213,176117,109767,194056,194055,212669,194282,193856,213142,213084,212985]

ENERGIA
    FÁCIL
        [213118,203645,212957,188823,193627,193722,193797,176208,181673,181709,188624,167506,167816,168007,145116,145195,145390,152921,152967,153065,159621,137060,137257,140464,140509,140670,140754,140764,140768,140796,140801,145298,151820,151898,151924,123875,123927,123951,124244,130490,130563,130886,140566,140657,144882,152956,110820,130751,133224,133331,133505,133577,94941,95125,95143,95224,95293,107243,203796,66896,66949,67958,65556,65741,65788,65915,66016,66038,66221,66329,66333,66423,66569,66712,67756,64325,64407,64586,64616,64657,64666,64926,64959,65098,65363,57564,60378,61141,63857,63858,63908,64482,58175,59759,62197,62893,62990,63441,63464,63476,63527,61822,62433,62558,62570,61280,61744,56352,57473,57441,57459,56217,56220,56826,60476,56907,58771,58950,59130,58927,56438,59405]
    MÉDIA
        [212998,213098,213118,194006,203597,203645,212957,188691,188821,188823,193436,193468,193513,193627,193688,193689,193722,193724,193755,193797,193883,193895,193899,193919,212839,212863,175829,175895,176191,176208,176285,176309,181266,181484,181512,181584,181673,181709,188624,159533,159891,167488,167506,167678,167785,167816,167957,167969,168007,188714,188862,145017,145057,145090,145116,145195,145269,145310,145390,145418,152705,152921,152967,152978,153065,153090,159612,159621,159781,167663,176055,136966,137060,137257,137283,140438,140464,140509,140527,140670,140714,140735,140754,140764,140768,140796,140801,140814,145298,151820,151856,151858,151885,151898,151924,159742,123780,123875,123893,123927,123951,124049,124225,124244,130490,130563,130604,130886,140554,140566,140657,144882,152956,110552,110820,124077,130751,133093,133204,133224,133331,133372,133454,133477,133505,133577,144856,152932,159371,94941,94989,95014,95085,95114,95125,95143,95224,95293,95317,107129,107191,107243,107329,107354,203796,66896,66949,67519,67780,67830,67877,67958,107360,152790,65556,65702,65741,65788,65915,65939,66016,66038,66174,66192,66221,66228,66329,66333,66423,66569,66712,67155,67756,203781,64271,64325,64407,64586,64616,64657,64666,64926,64959,65098,65363,65398,65435,65458,65964,66163,57043,57564,60378,61141,63857,63858,63908,64031,64482,58175,59759,62197,62893,62990,63432,63441,63464,63476,63527,61822,62433,62558,62570,61254,61280,61744,56352,60699,57473,61150,56532,57183,57441,57459,60007,56217,56220,56551,56826,59223,60833,59820,60476,55891,56907,57496,56323,57866,57911,58579,58771,58950,59130,58927,60224,57771,56438,59401,59400,59404,59405,59423]
    DIFÍCIL
        [59420,59412,59409,59408,59402,57588,57578,58777,57901,59196,57974,61029,66244,67575,67563,130449,123806,203689]
