152630,152662,152841,152958,159631,203861,136983,140499,140667,140710,140792,145302,152728,152729,152819,159594,159756,203853,123940,130473,110761,130482,133402,133410,152936,94908,95093,95226,95334,67081,67181,67220,67353,67451,67533,67680,67918,67933,107373,65581,65595,66036,66494,66531,66701,66717,64213,64251,64392,64660,64748,64785,64819,64832,65277,65354,66302,58708,61940,63865,63910,63931,64091,64583,56398,61971,62276,62947,63346,63347,63444,63540,57873,58664,61835,62120,62441,62653,62732,62785,63260,61548,61583,62352,61194,57138,61046,55745,56039,56588,58058,58064,58851,59711,60678,55787,56723,56813,56840,58021,60836,57404,59243,56006,57513,58571,58606,57837,57921,58143,58401,58974,58106,56871,58902,59773,203656,193737,175916,175995,181611,137289,130441,64238,62444,64075,63680,61418,56576,57997,56984,57118,57543
194330,203465,193672,176080,176291,181612,193539,159431,167511,167538,167539,167861,145419,152752,152965,159477,137041,137122,140674,140704,140757,140803,130858,110481,110580,110603,133403,133465,133482,133530,94879,107170,107323,67267,67507,67767,203792,65584,66360,64965,64967,64979,65262,65278,65972,55747,60871,61757,55959,61242,61528,61198,55973,60653,56228,56229,57009,59697,59828,58132,58762,59816,56375,56427,56430,56195,56472
212976,213040,203666,203764,212679,181228,188632,159822,159905,167403,167581,145055,152643,159448,159652,140783,144930,151911,167653,123741,130902,130955,140572,110587,110780,95335,67330,67964,67976,65502,66107,65444,60963,61161,62655,63007,63585,63699,61431,61455,61951,60754,61246,56746,57483,58212,60633,55788,55975,57215,58428,58876,57361,59906,57820,58100,57782,56453,151947
193839,188882,175899,176185,176307,181409,181638,133183,159926,167425,167761,167881,188876,145028,145087,152760,153004,137327,137341,140784,144967,151604,167751,123831,144951,203839,110717,123969,133218,133366,152937,95022,107282,133159,67049,67082,67234,67748,67783,67934,65713,65732,66735,64528,64964,64048,65204,61304,58352,61590,61630,59016,55555,55749,60669,57267,58454,59698,60970,58605,56913,57066,58094,58913
152879,137269,140463,133374,95052,67580,67696,67773,144893,65937,57673,55554,56956,57241
193953,193970,188678,188815,193555,212871,176192,181452,181748,167786,188722,193824,145123,145207,145283,152653,153106,153107,159523,159584,137036,137093,188699,123991,144952,95088,95161,95165,107294,133136,133162,67452,67526,67557,67601,152804,66011,64689,64750,65093,57485,62191,65194,62091,62338,61065,56959,57932,60654,55940,56541,58478,56009,56560,56658,58039,59504,59505,59509,55761,59511,59527,59485,59494,59496,59498,59499,59510,59512,59513,59514,59518,59521,59522,59523,59524,59525,59528
212896,213043,213128,193838,193929,194145,212672,212836,188689,188764,188793,193499,193527,193552,193575,193665,193714,193753,193756,193761
193901,159400,130523,110470,63681,61529,59546,59542,59544,59548
167582,152756,159331,110840,65690,66204,61532,59701,59817,57116,59599,59601,59603,59604,59609,59611,59612,59613,59614
213033,194205,203469,203540,193553,194059,212906,176020,176070,181416,181456,181758,188653,212709,133177,167724,176301,144997,145285,152691
203740,133184,67593,67594,59552,59555,59556,59575
203595,212889,193554,175917,212713,145082,137291,130786,94902,62217,62446,55593
194332,203751,188737,188806,193600,193903,212814,175989,181407,181454,193431,194014,159900,159946,167585,175907,188721,145286,145374,145424,152754,153103,137330,140454,123915,144961,110583,133404,95340,133140,67265,152801,65920,64963,65374,63999,64206,64613,59952,60280,61055,61536,55566,56487,57201,56120,58061,58214,58506,58850,59667,60656,58018,57368,57517,57720,58348,58608,58294,58794,58811
213012,193820,188706,188943,193922,212873,176149,181443,181671,167702,175862,144998,145102,152685,152985,159336,159560,137058,140682,144937,123941,130859,144870,107141,133141,67524,67920,107376,65660,65909,64352,65121,65140,65254,57654,60312,61284,61491,59027,60731,55742,55810,55803,58430,58995,58102,60123,60118,60120
193976,212657,212910,212916,188765,193398,193577,193625,203693,203741,212874,175900,176071,176086,181414,181483,181572,188638,188655,133185,159496,159824,167400,167513,167685,167703,167722,167833,167976,175964,144978,145313,152588,152634,152845,159556,137037,140706,140794,144898,144942,151925,152823,123916,124181,130474,130601,130685,140561,110764,110781,123974,124099,133307,133581,203830,95025,95146,95164,95250,95356,107147,107207,107326,107340,144840,67703,67774,67839,67948,67966,144834,65504,66009,66413,66555,66733,203785,64266,64512,64879,64976,65122,65160,65186,65247,65320,65358,65403,65446,57676,61637,62192,63854,63855,64095,59951,60306,62142,62195,62198,62987,63482,62093,58358,61434,62311,60605,60766,60791,57111,55591,55824,55829,56178,56534,57454,60020,61025,168028,57434,58180,58015,58482,58484,58487,58609,57925,56863,58946,60254,58814,58904,151948
